{
 "cells": [
  {
   "cell_type": "code",
   "execution_count": 1,
   "metadata": {},
   "outputs": [],
   "source": [
    "import pandas as pd\n",
    "import numpy as np\n",
    "import os\n",
    "from tqdm.notebook import tqdm\n",
    "from sklearn.model_selection import train_test_split\n",
    "from scipy.stats import pearsonr, spearmanr, kendalltau\n",
    "\n",
    "\n",
    "from sklearn.metrics import explained_variance_score, max_error, mean_absolute_error, r2_score\n",
    "from scipy.stats import pearsonr, spearmanr, kendalltau\n",
    "\n",
    "\n",
    "def PCC(predictions, targets):\n",
    "    return pearsonr(predictions, targets)[0]\n",
    "\n",
    "\n",
    "def SROCC(predictions, targets):\n",
    "    return spearmanr(predictions, targets)[0]\n",
    "\n",
    "\n",
    "def RMSE(predictions, targets):\n",
    "    return np.sqrt(((predictions - targets) ** 2).mean())"
   ]
  },
  {
   "cell_type": "code",
   "execution_count": 2,
   "metadata": {},
   "outputs": [],
   "source": [
    "df_train = pd.concat([pd.read_csv(\"features/reference_APSIPA.csv\"), \n",
    "                      pd.read_csv(\"../3_raw_distances_TEXTURE/distances/MRLBP_ri/reference_APSIPA.csv\")], axis=1)\n",
    "\n",
    "\n",
    "df_validate = pd.concat([pd.read_csv(\"features/UnB.csv\"), \n",
    "                      pd.read_csv(\"../3_raw_distances_TEXTURE/distances/MRLBP_ri/UnB.csv\")], axis=1)\n",
    "\n",
    "discard_columns = ['d_pl2plMAX', 'd_mmd', 'd_mmd_PSNR', 'd_msmd', 'd_msmd_PSNR']\n",
    "\n",
    "\n",
    "\n",
    "replacements = {\n",
    "    'd_mseF' : '$d_1^g$', \n",
    "    'd_mseF_PSNR' : '$d_2^g$', \n",
    "    'd_pl2plMIN' : '$d_3^g$', \n",
    "    'd_pl2plMEAN' : '$d_4^g$', \n",
    "    'd_pl2plMEDIAN' : '$d_5^g$', \n",
    "    'd_pl2plRMS' : '$d_6^g$', \n",
    "    'd_pl2plMSE' : '$d_7^g$', \n",
    "    'd_braycurtis' : '$d_1^t$', \n",
    "    'd_canberra' : '$d_2^t$', \n",
    "    'd_chebyshev' : '$d_3^t$', \n",
    "    'd_cityblock' : '$d_4^t$', \n",
    "    'd_cosine' : '$d_5^t$', \n",
    "    'd_euclidean' : '$d_6^t$', \n",
    "    'd_jensenshannon' : '$d_7^t$', \n",
    "    'd_wasserstein_distance' : '$d_8^t$', \n",
    "    'd_energy_distance' : '$d_9^t$'\n",
    "}\n",
    "\n",
    "\n",
    "\n",
    "df_train = df_train.loc[:,~df_train.columns.duplicated()]\n",
    "df_validate = df_validate.loc[:,~df_validate.columns.duplicated()]\n",
    "\n",
    "\n",
    "df_train = df_train.drop(columns=discard_columns)\n",
    "df_validate = df_validate.drop(columns=discard_columns)\n",
    "\n",
    "df_train = df_train.rename(columns=replacements)\n",
    "df_validate = df_validate.rename(columns=replacements)"
   ]
  },
  {
   "cell_type": "code",
   "execution_count": 3,
   "metadata": {},
   "outputs": [
    {
     "data": {
      "text/html": [
       "<div>\n",
       "<style scoped>\n",
       "    .dataframe tbody tr th:only-of-type {\n",
       "        vertical-align: middle;\n",
       "    }\n",
       "\n",
       "    .dataframe tbody tr th {\n",
       "        vertical-align: top;\n",
       "    }\n",
       "\n",
       "    .dataframe thead th {\n",
       "        text-align: right;\n",
       "    }\n",
       "</style>\n",
       "<table border=\"1\" class=\"dataframe\">\n",
       "  <thead>\n",
       "    <tr style=\"text-align: right;\">\n",
       "      <th></th>\n",
       "      <th>SCORE</th>\n",
       "      <th>$d_1^g$</th>\n",
       "      <th>$d_2^g$</th>\n",
       "      <th>$d_3^g$</th>\n",
       "      <th>$d_4^g$</th>\n",
       "      <th>$d_5^g$</th>\n",
       "      <th>$d_6^g$</th>\n",
       "      <th>$d_7^g$</th>\n",
       "      <th>$d_1^t$</th>\n",
       "      <th>$d_2^t$</th>\n",
       "      <th>$d_3^t$</th>\n",
       "      <th>$d_4^t$</th>\n",
       "      <th>$d_5^t$</th>\n",
       "      <th>$d_6^t$</th>\n",
       "      <th>$d_7^t$</th>\n",
       "      <th>$d_8^t$</th>\n",
       "      <th>$d_9^t$</th>\n",
       "    </tr>\n",
       "  </thead>\n",
       "  <tbody>\n",
       "    <tr>\n",
       "      <th>SCORE</th>\n",
       "      <td>1.000000</td>\n",
       "      <td>-0.484103</td>\n",
       "      <td>0.428627</td>\n",
       "      <td>0.152862</td>\n",
       "      <td>0.525382</td>\n",
       "      <td>0.673176</td>\n",
       "      <td>0.605489</td>\n",
       "      <td>0.615475</td>\n",
       "      <td>-0.746801</td>\n",
       "      <td>-0.770269</td>\n",
       "      <td>-0.626550</td>\n",
       "      <td>-0.746801</td>\n",
       "      <td>-0.653858</td>\n",
       "      <td>-0.666873</td>\n",
       "      <td>-0.761577</td>\n",
       "      <td>-0.633429</td>\n",
       "      <td>-0.720954</td>\n",
       "    </tr>\n",
       "    <tr>\n",
       "      <th>$d_1^g$</th>\n",
       "      <td>-0.484103</td>\n",
       "      <td>1.000000</td>\n",
       "      <td>-0.147504</td>\n",
       "      <td>-0.050458</td>\n",
       "      <td>-0.317655</td>\n",
       "      <td>-0.358785</td>\n",
       "      <td>-0.344353</td>\n",
       "      <td>-0.340065</td>\n",
       "      <td>0.628803</td>\n",
       "      <td>0.717017</td>\n",
       "      <td>0.492358</td>\n",
       "      <td>0.628803</td>\n",
       "      <td>0.706889</td>\n",
       "      <td>0.546491</td>\n",
       "      <td>0.673208</td>\n",
       "      <td>0.479879</td>\n",
       "      <td>0.648554</td>\n",
       "    </tr>\n",
       "    <tr>\n",
       "      <th>$d_2^g$</th>\n",
       "      <td>0.428627</td>\n",
       "      <td>-0.147504</td>\n",
       "      <td>1.000000</td>\n",
       "      <td>0.342624</td>\n",
       "      <td>0.465036</td>\n",
       "      <td>0.582581</td>\n",
       "      <td>0.522738</td>\n",
       "      <td>0.547778</td>\n",
       "      <td>-0.239186</td>\n",
       "      <td>-0.253030</td>\n",
       "      <td>-0.205428</td>\n",
       "      <td>-0.239186</td>\n",
       "      <td>-0.194735</td>\n",
       "      <td>-0.205764</td>\n",
       "      <td>-0.246677</td>\n",
       "      <td>-0.191901</td>\n",
       "      <td>-0.225645</td>\n",
       "    </tr>\n",
       "    <tr>\n",
       "      <th>$d_3^g$</th>\n",
       "      <td>0.152862</td>\n",
       "      <td>-0.050458</td>\n",
       "      <td>0.342624</td>\n",
       "      <td>1.000000</td>\n",
       "      <td>0.262069</td>\n",
       "      <td>0.259244</td>\n",
       "      <td>0.282786</td>\n",
       "      <td>0.309538</td>\n",
       "      <td>-0.101918</td>\n",
       "      <td>-0.100111</td>\n",
       "      <td>-0.087594</td>\n",
       "      <td>-0.101918</td>\n",
       "      <td>-0.072046</td>\n",
       "      <td>-0.089153</td>\n",
       "      <td>-0.104648</td>\n",
       "      <td>-0.085525</td>\n",
       "      <td>-0.092738</td>\n",
       "    </tr>\n",
       "    <tr>\n",
       "      <th>$d_4^g$</th>\n",
       "      <td>0.525382</td>\n",
       "      <td>-0.317655</td>\n",
       "      <td>0.465036</td>\n",
       "      <td>0.262069</td>\n",
       "      <td>1.000000</td>\n",
       "      <td>0.928873</td>\n",
       "      <td>0.981826</td>\n",
       "      <td>0.976405</td>\n",
       "      <td>-0.303844</td>\n",
       "      <td>-0.364532</td>\n",
       "      <td>-0.199399</td>\n",
       "      <td>-0.303844</td>\n",
       "      <td>-0.224939</td>\n",
       "      <td>-0.245741</td>\n",
       "      <td>-0.316876</td>\n",
       "      <td>-0.219353</td>\n",
       "      <td>-0.333973</td>\n",
       "    </tr>\n",
       "    <tr>\n",
       "      <th>$d_5^g$</th>\n",
       "      <td>0.673176</td>\n",
       "      <td>-0.358785</td>\n",
       "      <td>0.582581</td>\n",
       "      <td>0.259244</td>\n",
       "      <td>0.928873</td>\n",
       "      <td>1.000000</td>\n",
       "      <td>0.966058</td>\n",
       "      <td>0.968893</td>\n",
       "      <td>-0.405372</td>\n",
       "      <td>-0.456748</td>\n",
       "      <td>-0.304200</td>\n",
       "      <td>-0.405372</td>\n",
       "      <td>-0.312379</td>\n",
       "      <td>-0.343801</td>\n",
       "      <td>-0.418384</td>\n",
       "      <td>-0.318162</td>\n",
       "      <td>-0.419784</td>\n",
       "    </tr>\n",
       "    <tr>\n",
       "      <th>$d_6^g$</th>\n",
       "      <td>0.605489</td>\n",
       "      <td>-0.344353</td>\n",
       "      <td>0.522738</td>\n",
       "      <td>0.282786</td>\n",
       "      <td>0.981826</td>\n",
       "      <td>0.966058</td>\n",
       "      <td>1.000000</td>\n",
       "      <td>0.998033</td>\n",
       "      <td>-0.364875</td>\n",
       "      <td>-0.417607</td>\n",
       "      <td>-0.258283</td>\n",
       "      <td>-0.364875</td>\n",
       "      <td>-0.284101</td>\n",
       "      <td>-0.302714</td>\n",
       "      <td>-0.376794</td>\n",
       "      <td>-0.277778</td>\n",
       "      <td>-0.388421</td>\n",
       "    </tr>\n",
       "    <tr>\n",
       "      <th>$d_7^g$</th>\n",
       "      <td>0.615475</td>\n",
       "      <td>-0.340065</td>\n",
       "      <td>0.547778</td>\n",
       "      <td>0.309538</td>\n",
       "      <td>0.976405</td>\n",
       "      <td>0.968893</td>\n",
       "      <td>0.998033</td>\n",
       "      <td>1.000000</td>\n",
       "      <td>-0.369912</td>\n",
       "      <td>-0.420642</td>\n",
       "      <td>-0.265855</td>\n",
       "      <td>-0.369912</td>\n",
       "      <td>-0.288165</td>\n",
       "      <td>-0.308539</td>\n",
       "      <td>-0.381762</td>\n",
       "      <td>-0.283810</td>\n",
       "      <td>-0.390331</td>\n",
       "    </tr>\n",
       "    <tr>\n",
       "      <th>$d_1^t$</th>\n",
       "      <td>-0.746801</td>\n",
       "      <td>0.628803</td>\n",
       "      <td>-0.239186</td>\n",
       "      <td>-0.101918</td>\n",
       "      <td>-0.303844</td>\n",
       "      <td>-0.405372</td>\n",
       "      <td>-0.364875</td>\n",
       "      <td>-0.369912</td>\n",
       "      <td>1.000000</td>\n",
       "      <td>0.959691</td>\n",
       "      <td>0.932777</td>\n",
       "      <td>1.000000</td>\n",
       "      <td>0.933143</td>\n",
       "      <td>0.975065</td>\n",
       "      <td>0.995553</td>\n",
       "      <td>0.947658</td>\n",
       "      <td>0.971791</td>\n",
       "    </tr>\n",
       "    <tr>\n",
       "      <th>$d_2^t$</th>\n",
       "      <td>-0.770269</td>\n",
       "      <td>0.717017</td>\n",
       "      <td>-0.253030</td>\n",
       "      <td>-0.100111</td>\n",
       "      <td>-0.364532</td>\n",
       "      <td>-0.456748</td>\n",
       "      <td>-0.417607</td>\n",
       "      <td>-0.420642</td>\n",
       "      <td>0.959691</td>\n",
       "      <td>1.000000</td>\n",
       "      <td>0.826335</td>\n",
       "      <td>0.959691</td>\n",
       "      <td>0.897947</td>\n",
       "      <td>0.890482</td>\n",
       "      <td>0.972041</td>\n",
       "      <td>0.848989</td>\n",
       "      <td>0.977111</td>\n",
       "    </tr>\n",
       "    <tr>\n",
       "      <th>$d_3^t$</th>\n",
       "      <td>-0.626550</td>\n",
       "      <td>0.492358</td>\n",
       "      <td>-0.205428</td>\n",
       "      <td>-0.087594</td>\n",
       "      <td>-0.199399</td>\n",
       "      <td>-0.304200</td>\n",
       "      <td>-0.258283</td>\n",
       "      <td>-0.265855</td>\n",
       "      <td>0.932777</td>\n",
       "      <td>0.826335</td>\n",
       "      <td>1.000000</td>\n",
       "      <td>0.932777</td>\n",
       "      <td>0.868277</td>\n",
       "      <td>0.976896</td>\n",
       "      <td>0.916237</td>\n",
       "      <td>0.957094</td>\n",
       "      <td>0.858483</td>\n",
       "    </tr>\n",
       "    <tr>\n",
       "      <th>$d_4^t$</th>\n",
       "      <td>-0.746801</td>\n",
       "      <td>0.628803</td>\n",
       "      <td>-0.239186</td>\n",
       "      <td>-0.101918</td>\n",
       "      <td>-0.303844</td>\n",
       "      <td>-0.405372</td>\n",
       "      <td>-0.364875</td>\n",
       "      <td>-0.369912</td>\n",
       "      <td>1.000000</td>\n",
       "      <td>0.959691</td>\n",
       "      <td>0.932777</td>\n",
       "      <td>1.000000</td>\n",
       "      <td>0.933143</td>\n",
       "      <td>0.975065</td>\n",
       "      <td>0.995553</td>\n",
       "      <td>0.947658</td>\n",
       "      <td>0.971791</td>\n",
       "    </tr>\n",
       "    <tr>\n",
       "      <th>$d_5^t$</th>\n",
       "      <td>-0.653858</td>\n",
       "      <td>0.706889</td>\n",
       "      <td>-0.194735</td>\n",
       "      <td>-0.072046</td>\n",
       "      <td>-0.224939</td>\n",
       "      <td>-0.312379</td>\n",
       "      <td>-0.284101</td>\n",
       "      <td>-0.288165</td>\n",
       "      <td>0.933143</td>\n",
       "      <td>0.897947</td>\n",
       "      <td>0.868277</td>\n",
       "      <td>0.933143</td>\n",
       "      <td>1.000000</td>\n",
       "      <td>0.889177</td>\n",
       "      <td>0.945784</td>\n",
       "      <td>0.828239</td>\n",
       "      <td>0.881943</td>\n",
       "    </tr>\n",
       "    <tr>\n",
       "      <th>$d_6^t$</th>\n",
       "      <td>-0.666873</td>\n",
       "      <td>0.546491</td>\n",
       "      <td>-0.205764</td>\n",
       "      <td>-0.089153</td>\n",
       "      <td>-0.245741</td>\n",
       "      <td>-0.343801</td>\n",
       "      <td>-0.302714</td>\n",
       "      <td>-0.308539</td>\n",
       "      <td>0.975065</td>\n",
       "      <td>0.890482</td>\n",
       "      <td>0.976896</td>\n",
       "      <td>0.975065</td>\n",
       "      <td>0.889177</td>\n",
       "      <td>1.000000</td>\n",
       "      <td>0.957846</td>\n",
       "      <td>0.987574</td>\n",
       "      <td>0.926449</td>\n",
       "    </tr>\n",
       "    <tr>\n",
       "      <th>$d_7^t$</th>\n",
       "      <td>-0.761577</td>\n",
       "      <td>0.673208</td>\n",
       "      <td>-0.246677</td>\n",
       "      <td>-0.104648</td>\n",
       "      <td>-0.316876</td>\n",
       "      <td>-0.418384</td>\n",
       "      <td>-0.376794</td>\n",
       "      <td>-0.381762</td>\n",
       "      <td>0.995553</td>\n",
       "      <td>0.972041</td>\n",
       "      <td>0.916237</td>\n",
       "      <td>0.995553</td>\n",
       "      <td>0.945784</td>\n",
       "      <td>0.957846</td>\n",
       "      <td>1.000000</td>\n",
       "      <td>0.920584</td>\n",
       "      <td>0.968280</td>\n",
       "    </tr>\n",
       "    <tr>\n",
       "      <th>$d_8^t$</th>\n",
       "      <td>-0.633429</td>\n",
       "      <td>0.479879</td>\n",
       "      <td>-0.191901</td>\n",
       "      <td>-0.085525</td>\n",
       "      <td>-0.219353</td>\n",
       "      <td>-0.318162</td>\n",
       "      <td>-0.277778</td>\n",
       "      <td>-0.283810</td>\n",
       "      <td>0.947658</td>\n",
       "      <td>0.848989</td>\n",
       "      <td>0.957094</td>\n",
       "      <td>0.947658</td>\n",
       "      <td>0.828239</td>\n",
       "      <td>0.987574</td>\n",
       "      <td>0.920584</td>\n",
       "      <td>1.000000</td>\n",
       "      <td>0.906799</td>\n",
       "    </tr>\n",
       "    <tr>\n",
       "      <th>$d_9^t$</th>\n",
       "      <td>-0.720954</td>\n",
       "      <td>0.648554</td>\n",
       "      <td>-0.225645</td>\n",
       "      <td>-0.092738</td>\n",
       "      <td>-0.333973</td>\n",
       "      <td>-0.419784</td>\n",
       "      <td>-0.388421</td>\n",
       "      <td>-0.390331</td>\n",
       "      <td>0.971791</td>\n",
       "      <td>0.977111</td>\n",
       "      <td>0.858483</td>\n",
       "      <td>0.971791</td>\n",
       "      <td>0.881943</td>\n",
       "      <td>0.926449</td>\n",
       "      <td>0.968280</td>\n",
       "      <td>0.906799</td>\n",
       "      <td>1.000000</td>\n",
       "    </tr>\n",
       "  </tbody>\n",
       "</table>\n",
       "</div>"
      ],
      "text/plain": [
       "            SCORE   $d_1^g$   $d_2^g$   $d_3^g$   $d_4^g$   $d_5^g$   $d_6^g$  \\\n",
       "SCORE    1.000000 -0.484103  0.428627  0.152862  0.525382  0.673176  0.605489   \n",
       "$d_1^g$ -0.484103  1.000000 -0.147504 -0.050458 -0.317655 -0.358785 -0.344353   \n",
       "$d_2^g$  0.428627 -0.147504  1.000000  0.342624  0.465036  0.582581  0.522738   \n",
       "$d_3^g$  0.152862 -0.050458  0.342624  1.000000  0.262069  0.259244  0.282786   \n",
       "$d_4^g$  0.525382 -0.317655  0.465036  0.262069  1.000000  0.928873  0.981826   \n",
       "$d_5^g$  0.673176 -0.358785  0.582581  0.259244  0.928873  1.000000  0.966058   \n",
       "$d_6^g$  0.605489 -0.344353  0.522738  0.282786  0.981826  0.966058  1.000000   \n",
       "$d_7^g$  0.615475 -0.340065  0.547778  0.309538  0.976405  0.968893  0.998033   \n",
       "$d_1^t$ -0.746801  0.628803 -0.239186 -0.101918 -0.303844 -0.405372 -0.364875   \n",
       "$d_2^t$ -0.770269  0.717017 -0.253030 -0.100111 -0.364532 -0.456748 -0.417607   \n",
       "$d_3^t$ -0.626550  0.492358 -0.205428 -0.087594 -0.199399 -0.304200 -0.258283   \n",
       "$d_4^t$ -0.746801  0.628803 -0.239186 -0.101918 -0.303844 -0.405372 -0.364875   \n",
       "$d_5^t$ -0.653858  0.706889 -0.194735 -0.072046 -0.224939 -0.312379 -0.284101   \n",
       "$d_6^t$ -0.666873  0.546491 -0.205764 -0.089153 -0.245741 -0.343801 -0.302714   \n",
       "$d_7^t$ -0.761577  0.673208 -0.246677 -0.104648 -0.316876 -0.418384 -0.376794   \n",
       "$d_8^t$ -0.633429  0.479879 -0.191901 -0.085525 -0.219353 -0.318162 -0.277778   \n",
       "$d_9^t$ -0.720954  0.648554 -0.225645 -0.092738 -0.333973 -0.419784 -0.388421   \n",
       "\n",
       "          $d_7^g$   $d_1^t$   $d_2^t$   $d_3^t$   $d_4^t$   $d_5^t$   $d_6^t$  \\\n",
       "SCORE    0.615475 -0.746801 -0.770269 -0.626550 -0.746801 -0.653858 -0.666873   \n",
       "$d_1^g$ -0.340065  0.628803  0.717017  0.492358  0.628803  0.706889  0.546491   \n",
       "$d_2^g$  0.547778 -0.239186 -0.253030 -0.205428 -0.239186 -0.194735 -0.205764   \n",
       "$d_3^g$  0.309538 -0.101918 -0.100111 -0.087594 -0.101918 -0.072046 -0.089153   \n",
       "$d_4^g$  0.976405 -0.303844 -0.364532 -0.199399 -0.303844 -0.224939 -0.245741   \n",
       "$d_5^g$  0.968893 -0.405372 -0.456748 -0.304200 -0.405372 -0.312379 -0.343801   \n",
       "$d_6^g$  0.998033 -0.364875 -0.417607 -0.258283 -0.364875 -0.284101 -0.302714   \n",
       "$d_7^g$  1.000000 -0.369912 -0.420642 -0.265855 -0.369912 -0.288165 -0.308539   \n",
       "$d_1^t$ -0.369912  1.000000  0.959691  0.932777  1.000000  0.933143  0.975065   \n",
       "$d_2^t$ -0.420642  0.959691  1.000000  0.826335  0.959691  0.897947  0.890482   \n",
       "$d_3^t$ -0.265855  0.932777  0.826335  1.000000  0.932777  0.868277  0.976896   \n",
       "$d_4^t$ -0.369912  1.000000  0.959691  0.932777  1.000000  0.933143  0.975065   \n",
       "$d_5^t$ -0.288165  0.933143  0.897947  0.868277  0.933143  1.000000  0.889177   \n",
       "$d_6^t$ -0.308539  0.975065  0.890482  0.976896  0.975065  0.889177  1.000000   \n",
       "$d_7^t$ -0.381762  0.995553  0.972041  0.916237  0.995553  0.945784  0.957846   \n",
       "$d_8^t$ -0.283810  0.947658  0.848989  0.957094  0.947658  0.828239  0.987574   \n",
       "$d_9^t$ -0.390331  0.971791  0.977111  0.858483  0.971791  0.881943  0.926449   \n",
       "\n",
       "          $d_7^t$   $d_8^t$   $d_9^t$  \n",
       "SCORE   -0.761577 -0.633429 -0.720954  \n",
       "$d_1^g$  0.673208  0.479879  0.648554  \n",
       "$d_2^g$ -0.246677 -0.191901 -0.225645  \n",
       "$d_3^g$ -0.104648 -0.085525 -0.092738  \n",
       "$d_4^g$ -0.316876 -0.219353 -0.333973  \n",
       "$d_5^g$ -0.418384 -0.318162 -0.419784  \n",
       "$d_6^g$ -0.376794 -0.277778 -0.388421  \n",
       "$d_7^g$ -0.381762 -0.283810 -0.390331  \n",
       "$d_1^t$  0.995553  0.947658  0.971791  \n",
       "$d_2^t$  0.972041  0.848989  0.977111  \n",
       "$d_3^t$  0.916237  0.957094  0.858483  \n",
       "$d_4^t$  0.995553  0.947658  0.971791  \n",
       "$d_5^t$  0.945784  0.828239  0.881943  \n",
       "$d_6^t$  0.957846  0.987574  0.926449  \n",
       "$d_7^t$  1.000000  0.920584  0.968280  \n",
       "$d_8^t$  0.920584  1.000000  0.906799  \n",
       "$d_9^t$  0.968280  0.906799  1.000000  "
      ]
     },
     "metadata": {},
     "output_type": "display_data"
    },
    {
     "data": {
      "text/html": [
       "<div>\n",
       "<style scoped>\n",
       "    .dataframe tbody tr th:only-of-type {\n",
       "        vertical-align: middle;\n",
       "    }\n",
       "\n",
       "    .dataframe tbody tr th {\n",
       "        vertical-align: top;\n",
       "    }\n",
       "\n",
       "    .dataframe thead th {\n",
       "        text-align: right;\n",
       "    }\n",
       "</style>\n",
       "<table border=\"1\" class=\"dataframe\">\n",
       "  <thead>\n",
       "    <tr style=\"text-align: right;\">\n",
       "      <th></th>\n",
       "      <th>SCORE</th>\n",
       "      <th>$d_1^g$</th>\n",
       "      <th>$d_2^g$</th>\n",
       "      <th>$d_3^g$</th>\n",
       "      <th>$d_4^g$</th>\n",
       "      <th>$d_5^g$</th>\n",
       "      <th>$d_6^g$</th>\n",
       "      <th>$d_7^g$</th>\n",
       "      <th>$d_1^t$</th>\n",
       "      <th>$d_2^t$</th>\n",
       "      <th>$d_3^t$</th>\n",
       "      <th>$d_4^t$</th>\n",
       "      <th>$d_5^t$</th>\n",
       "      <th>$d_6^t$</th>\n",
       "      <th>$d_7^t$</th>\n",
       "      <th>$d_8^t$</th>\n",
       "      <th>$d_9^t$</th>\n",
       "    </tr>\n",
       "  </thead>\n",
       "  <tbody>\n",
       "    <tr>\n",
       "      <th>SCORE</th>\n",
       "      <td>1.000000</td>\n",
       "      <td>-0.766874</td>\n",
       "      <td>0.577300</td>\n",
       "      <td>0.577058</td>\n",
       "      <td>0.788464</td>\n",
       "      <td>0.813376</td>\n",
       "      <td>0.810753</td>\n",
       "      <td>0.807910</td>\n",
       "      <td>-0.781274</td>\n",
       "      <td>-0.835212</td>\n",
       "      <td>-0.584076</td>\n",
       "      <td>-0.781274</td>\n",
       "      <td>-0.729999</td>\n",
       "      <td>-0.646567</td>\n",
       "      <td>-0.841739</td>\n",
       "      <td>-0.477530</td>\n",
       "      <td>-0.539383</td>\n",
       "    </tr>\n",
       "    <tr>\n",
       "      <th>$d_1^g$</th>\n",
       "      <td>-0.766874</td>\n",
       "      <td>1.000000</td>\n",
       "      <td>-0.331813</td>\n",
       "      <td>-0.331636</td>\n",
       "      <td>-0.694037</td>\n",
       "      <td>-0.733659</td>\n",
       "      <td>-0.714309</td>\n",
       "      <td>-0.694162</td>\n",
       "      <td>0.607268</td>\n",
       "      <td>0.871429</td>\n",
       "      <td>0.319338</td>\n",
       "      <td>0.607268</td>\n",
       "      <td>0.719978</td>\n",
       "      <td>0.390290</td>\n",
       "      <td>0.720389</td>\n",
       "      <td>0.151132</td>\n",
       "      <td>0.315423</td>\n",
       "    </tr>\n",
       "    <tr>\n",
       "      <th>$d_2^g$</th>\n",
       "      <td>0.577300</td>\n",
       "      <td>-0.331813</td>\n",
       "      <td>1.000000</td>\n",
       "      <td>1.000000</td>\n",
       "      <td>0.636032</td>\n",
       "      <td>0.524921</td>\n",
       "      <td>0.646592</td>\n",
       "      <td>0.671793</td>\n",
       "      <td>-0.459956</td>\n",
       "      <td>-0.460641</td>\n",
       "      <td>-0.366264</td>\n",
       "      <td>-0.459956</td>\n",
       "      <td>-0.358123</td>\n",
       "      <td>-0.383729</td>\n",
       "      <td>-0.480745</td>\n",
       "      <td>-0.311616</td>\n",
       "      <td>-0.438652</td>\n",
       "    </tr>\n",
       "    <tr>\n",
       "      <th>$d_3^g$</th>\n",
       "      <td>0.577058</td>\n",
       "      <td>-0.331636</td>\n",
       "      <td>1.000000</td>\n",
       "      <td>1.000000</td>\n",
       "      <td>0.635898</td>\n",
       "      <td>0.524685</td>\n",
       "      <td>0.646432</td>\n",
       "      <td>0.671634</td>\n",
       "      <td>-0.459791</td>\n",
       "      <td>-0.460383</td>\n",
       "      <td>-0.366252</td>\n",
       "      <td>-0.459791</td>\n",
       "      <td>-0.358042</td>\n",
       "      <td>-0.383637</td>\n",
       "      <td>-0.480551</td>\n",
       "      <td>-0.311512</td>\n",
       "      <td>-0.438497</td>\n",
       "    </tr>\n",
       "    <tr>\n",
       "      <th>$d_4^g$</th>\n",
       "      <td>0.788464</td>\n",
       "      <td>-0.694037</td>\n",
       "      <td>0.636032</td>\n",
       "      <td>0.635898</td>\n",
       "      <td>1.000000</td>\n",
       "      <td>0.944085</td>\n",
       "      <td>0.994106</td>\n",
       "      <td>0.990085</td>\n",
       "      <td>-0.623963</td>\n",
       "      <td>-0.727954</td>\n",
       "      <td>-0.501685</td>\n",
       "      <td>-0.623963</td>\n",
       "      <td>-0.617941</td>\n",
       "      <td>-0.492132</td>\n",
       "      <td>-0.675699</td>\n",
       "      <td>-0.281649</td>\n",
       "      <td>-0.318451</td>\n",
       "    </tr>\n",
       "    <tr>\n",
       "      <th>$d_5^g$</th>\n",
       "      <td>0.813376</td>\n",
       "      <td>-0.733659</td>\n",
       "      <td>0.524921</td>\n",
       "      <td>0.524685</td>\n",
       "      <td>0.944085</td>\n",
       "      <td>1.000000</td>\n",
       "      <td>0.960582</td>\n",
       "      <td>0.953739</td>\n",
       "      <td>-0.609263</td>\n",
       "      <td>-0.745715</td>\n",
       "      <td>-0.455803</td>\n",
       "      <td>-0.609263</td>\n",
       "      <td>-0.617435</td>\n",
       "      <td>-0.464926</td>\n",
       "      <td>-0.683091</td>\n",
       "      <td>-0.251674</td>\n",
       "      <td>-0.316581</td>\n",
       "    </tr>\n",
       "    <tr>\n",
       "      <th>$d_6^g$</th>\n",
       "      <td>0.810753</td>\n",
       "      <td>-0.714309</td>\n",
       "      <td>0.646592</td>\n",
       "      <td>0.646432</td>\n",
       "      <td>0.994106</td>\n",
       "      <td>0.960582</td>\n",
       "      <td>1.000000</td>\n",
       "      <td>0.998444</td>\n",
       "      <td>-0.614492</td>\n",
       "      <td>-0.732912</td>\n",
       "      <td>-0.471184</td>\n",
       "      <td>-0.614492</td>\n",
       "      <td>-0.604343</td>\n",
       "      <td>-0.473650</td>\n",
       "      <td>-0.673960</td>\n",
       "      <td>-0.264101</td>\n",
       "      <td>-0.323560</td>\n",
       "    </tr>\n",
       "    <tr>\n",
       "      <th>$d_7^g$</th>\n",
       "      <td>0.807910</td>\n",
       "      <td>-0.694162</td>\n",
       "      <td>0.671793</td>\n",
       "      <td>0.671634</td>\n",
       "      <td>0.990085</td>\n",
       "      <td>0.953739</td>\n",
       "      <td>0.998444</td>\n",
       "      <td>1.000000</td>\n",
       "      <td>-0.604912</td>\n",
       "      <td>-0.716331</td>\n",
       "      <td>-0.463190</td>\n",
       "      <td>-0.604912</td>\n",
       "      <td>-0.582035</td>\n",
       "      <td>-0.469290</td>\n",
       "      <td>-0.663604</td>\n",
       "      <td>-0.267250</td>\n",
       "      <td>-0.331115</td>\n",
       "    </tr>\n",
       "    <tr>\n",
       "      <th>$d_1^t$</th>\n",
       "      <td>-0.781274</td>\n",
       "      <td>0.607268</td>\n",
       "      <td>-0.459956</td>\n",
       "      <td>-0.459791</td>\n",
       "      <td>-0.623963</td>\n",
       "      <td>-0.609263</td>\n",
       "      <td>-0.614492</td>\n",
       "      <td>-0.604912</td>\n",
       "      <td>1.000000</td>\n",
       "      <td>0.866902</td>\n",
       "      <td>0.895538</td>\n",
       "      <td>1.000000</td>\n",
       "      <td>0.921387</td>\n",
       "      <td>0.947529</td>\n",
       "      <td>0.979521</td>\n",
       "      <td>0.835961</td>\n",
       "      <td>0.850851</td>\n",
       "    </tr>\n",
       "    <tr>\n",
       "      <th>$d_2^t$</th>\n",
       "      <td>-0.835212</td>\n",
       "      <td>0.871429</td>\n",
       "      <td>-0.460641</td>\n",
       "      <td>-0.460383</td>\n",
       "      <td>-0.727954</td>\n",
       "      <td>-0.745715</td>\n",
       "      <td>-0.732912</td>\n",
       "      <td>-0.716331</td>\n",
       "      <td>0.866902</td>\n",
       "      <td>1.000000</td>\n",
       "      <td>0.607070</td>\n",
       "      <td>0.866902</td>\n",
       "      <td>0.876401</td>\n",
       "      <td>0.686535</td>\n",
       "      <td>0.929204</td>\n",
       "      <td>0.493604</td>\n",
       "      <td>0.651425</td>\n",
       "    </tr>\n",
       "    <tr>\n",
       "      <th>$d_3^t$</th>\n",
       "      <td>-0.584076</td>\n",
       "      <td>0.319338</td>\n",
       "      <td>-0.366264</td>\n",
       "      <td>-0.366252</td>\n",
       "      <td>-0.501685</td>\n",
       "      <td>-0.455803</td>\n",
       "      <td>-0.471184</td>\n",
       "      <td>-0.463190</td>\n",
       "      <td>0.895538</td>\n",
       "      <td>0.607070</td>\n",
       "      <td>1.000000</td>\n",
       "      <td>0.895538</td>\n",
       "      <td>0.794673</td>\n",
       "      <td>0.966292</td>\n",
       "      <td>0.825417</td>\n",
       "      <td>0.908249</td>\n",
       "      <td>0.767930</td>\n",
       "    </tr>\n",
       "    <tr>\n",
       "      <th>$d_4^t$</th>\n",
       "      <td>-0.781274</td>\n",
       "      <td>0.607268</td>\n",
       "      <td>-0.459956</td>\n",
       "      <td>-0.459791</td>\n",
       "      <td>-0.623963</td>\n",
       "      <td>-0.609263</td>\n",
       "      <td>-0.614492</td>\n",
       "      <td>-0.604912</td>\n",
       "      <td>1.000000</td>\n",
       "      <td>0.866902</td>\n",
       "      <td>0.895538</td>\n",
       "      <td>1.000000</td>\n",
       "      <td>0.921387</td>\n",
       "      <td>0.947529</td>\n",
       "      <td>0.979521</td>\n",
       "      <td>0.835961</td>\n",
       "      <td>0.850851</td>\n",
       "    </tr>\n",
       "    <tr>\n",
       "      <th>$d_5^t$</th>\n",
       "      <td>-0.729999</td>\n",
       "      <td>0.719978</td>\n",
       "      <td>-0.358123</td>\n",
       "      <td>-0.358042</td>\n",
       "      <td>-0.617941</td>\n",
       "      <td>-0.617435</td>\n",
       "      <td>-0.604343</td>\n",
       "      <td>-0.582035</td>\n",
       "      <td>0.921387</td>\n",
       "      <td>0.876401</td>\n",
       "      <td>0.794673</td>\n",
       "      <td>0.921387</td>\n",
       "      <td>1.000000</td>\n",
       "      <td>0.809646</td>\n",
       "      <td>0.928860</td>\n",
       "      <td>0.642672</td>\n",
       "      <td>0.696047</td>\n",
       "    </tr>\n",
       "    <tr>\n",
       "      <th>$d_6^t$</th>\n",
       "      <td>-0.646567</td>\n",
       "      <td>0.390290</td>\n",
       "      <td>-0.383729</td>\n",
       "      <td>-0.383637</td>\n",
       "      <td>-0.492132</td>\n",
       "      <td>-0.464926</td>\n",
       "      <td>-0.473650</td>\n",
       "      <td>-0.469290</td>\n",
       "      <td>0.947529</td>\n",
       "      <td>0.686535</td>\n",
       "      <td>0.966292</td>\n",
       "      <td>0.947529</td>\n",
       "      <td>0.809646</td>\n",
       "      <td>1.000000</td>\n",
       "      <td>0.890899</td>\n",
       "      <td>0.949190</td>\n",
       "      <td>0.862307</td>\n",
       "    </tr>\n",
       "    <tr>\n",
       "      <th>$d_7^t$</th>\n",
       "      <td>-0.841739</td>\n",
       "      <td>0.720389</td>\n",
       "      <td>-0.480745</td>\n",
       "      <td>-0.480551</td>\n",
       "      <td>-0.675699</td>\n",
       "      <td>-0.683091</td>\n",
       "      <td>-0.673960</td>\n",
       "      <td>-0.663604</td>\n",
       "      <td>0.979521</td>\n",
       "      <td>0.929204</td>\n",
       "      <td>0.825417</td>\n",
       "      <td>0.979521</td>\n",
       "      <td>0.928860</td>\n",
       "      <td>0.890899</td>\n",
       "      <td>1.000000</td>\n",
       "      <td>0.747823</td>\n",
       "      <td>0.819013</td>\n",
       "    </tr>\n",
       "    <tr>\n",
       "      <th>$d_8^t$</th>\n",
       "      <td>-0.477530</td>\n",
       "      <td>0.151132</td>\n",
       "      <td>-0.311616</td>\n",
       "      <td>-0.311512</td>\n",
       "      <td>-0.281649</td>\n",
       "      <td>-0.251674</td>\n",
       "      <td>-0.264101</td>\n",
       "      <td>-0.267250</td>\n",
       "      <td>0.835961</td>\n",
       "      <td>0.493604</td>\n",
       "      <td>0.908249</td>\n",
       "      <td>0.835961</td>\n",
       "      <td>0.642672</td>\n",
       "      <td>0.949190</td>\n",
       "      <td>0.747823</td>\n",
       "      <td>1.000000</td>\n",
       "      <td>0.876434</td>\n",
       "    </tr>\n",
       "    <tr>\n",
       "      <th>$d_9^t$</th>\n",
       "      <td>-0.539383</td>\n",
       "      <td>0.315423</td>\n",
       "      <td>-0.438652</td>\n",
       "      <td>-0.438497</td>\n",
       "      <td>-0.318451</td>\n",
       "      <td>-0.316581</td>\n",
       "      <td>-0.323560</td>\n",
       "      <td>-0.331115</td>\n",
       "      <td>0.850851</td>\n",
       "      <td>0.651425</td>\n",
       "      <td>0.767930</td>\n",
       "      <td>0.850851</td>\n",
       "      <td>0.696047</td>\n",
       "      <td>0.862307</td>\n",
       "      <td>0.819013</td>\n",
       "      <td>0.876434</td>\n",
       "      <td>1.000000</td>\n",
       "    </tr>\n",
       "  </tbody>\n",
       "</table>\n",
       "</div>"
      ],
      "text/plain": [
       "            SCORE   $d_1^g$   $d_2^g$   $d_3^g$   $d_4^g$   $d_5^g$   $d_6^g$  \\\n",
       "SCORE    1.000000 -0.766874  0.577300  0.577058  0.788464  0.813376  0.810753   \n",
       "$d_1^g$ -0.766874  1.000000 -0.331813 -0.331636 -0.694037 -0.733659 -0.714309   \n",
       "$d_2^g$  0.577300 -0.331813  1.000000  1.000000  0.636032  0.524921  0.646592   \n",
       "$d_3^g$  0.577058 -0.331636  1.000000  1.000000  0.635898  0.524685  0.646432   \n",
       "$d_4^g$  0.788464 -0.694037  0.636032  0.635898  1.000000  0.944085  0.994106   \n",
       "$d_5^g$  0.813376 -0.733659  0.524921  0.524685  0.944085  1.000000  0.960582   \n",
       "$d_6^g$  0.810753 -0.714309  0.646592  0.646432  0.994106  0.960582  1.000000   \n",
       "$d_7^g$  0.807910 -0.694162  0.671793  0.671634  0.990085  0.953739  0.998444   \n",
       "$d_1^t$ -0.781274  0.607268 -0.459956 -0.459791 -0.623963 -0.609263 -0.614492   \n",
       "$d_2^t$ -0.835212  0.871429 -0.460641 -0.460383 -0.727954 -0.745715 -0.732912   \n",
       "$d_3^t$ -0.584076  0.319338 -0.366264 -0.366252 -0.501685 -0.455803 -0.471184   \n",
       "$d_4^t$ -0.781274  0.607268 -0.459956 -0.459791 -0.623963 -0.609263 -0.614492   \n",
       "$d_5^t$ -0.729999  0.719978 -0.358123 -0.358042 -0.617941 -0.617435 -0.604343   \n",
       "$d_6^t$ -0.646567  0.390290 -0.383729 -0.383637 -0.492132 -0.464926 -0.473650   \n",
       "$d_7^t$ -0.841739  0.720389 -0.480745 -0.480551 -0.675699 -0.683091 -0.673960   \n",
       "$d_8^t$ -0.477530  0.151132 -0.311616 -0.311512 -0.281649 -0.251674 -0.264101   \n",
       "$d_9^t$ -0.539383  0.315423 -0.438652 -0.438497 -0.318451 -0.316581 -0.323560   \n",
       "\n",
       "          $d_7^g$   $d_1^t$   $d_2^t$   $d_3^t$   $d_4^t$   $d_5^t$   $d_6^t$  \\\n",
       "SCORE    0.807910 -0.781274 -0.835212 -0.584076 -0.781274 -0.729999 -0.646567   \n",
       "$d_1^g$ -0.694162  0.607268  0.871429  0.319338  0.607268  0.719978  0.390290   \n",
       "$d_2^g$  0.671793 -0.459956 -0.460641 -0.366264 -0.459956 -0.358123 -0.383729   \n",
       "$d_3^g$  0.671634 -0.459791 -0.460383 -0.366252 -0.459791 -0.358042 -0.383637   \n",
       "$d_4^g$  0.990085 -0.623963 -0.727954 -0.501685 -0.623963 -0.617941 -0.492132   \n",
       "$d_5^g$  0.953739 -0.609263 -0.745715 -0.455803 -0.609263 -0.617435 -0.464926   \n",
       "$d_6^g$  0.998444 -0.614492 -0.732912 -0.471184 -0.614492 -0.604343 -0.473650   \n",
       "$d_7^g$  1.000000 -0.604912 -0.716331 -0.463190 -0.604912 -0.582035 -0.469290   \n",
       "$d_1^t$ -0.604912  1.000000  0.866902  0.895538  1.000000  0.921387  0.947529   \n",
       "$d_2^t$ -0.716331  0.866902  1.000000  0.607070  0.866902  0.876401  0.686535   \n",
       "$d_3^t$ -0.463190  0.895538  0.607070  1.000000  0.895538  0.794673  0.966292   \n",
       "$d_4^t$ -0.604912  1.000000  0.866902  0.895538  1.000000  0.921387  0.947529   \n",
       "$d_5^t$ -0.582035  0.921387  0.876401  0.794673  0.921387  1.000000  0.809646   \n",
       "$d_6^t$ -0.469290  0.947529  0.686535  0.966292  0.947529  0.809646  1.000000   \n",
       "$d_7^t$ -0.663604  0.979521  0.929204  0.825417  0.979521  0.928860  0.890899   \n",
       "$d_8^t$ -0.267250  0.835961  0.493604  0.908249  0.835961  0.642672  0.949190   \n",
       "$d_9^t$ -0.331115  0.850851  0.651425  0.767930  0.850851  0.696047  0.862307   \n",
       "\n",
       "          $d_7^t$   $d_8^t$   $d_9^t$  \n",
       "SCORE   -0.841739 -0.477530 -0.539383  \n",
       "$d_1^g$  0.720389  0.151132  0.315423  \n",
       "$d_2^g$ -0.480745 -0.311616 -0.438652  \n",
       "$d_3^g$ -0.480551 -0.311512 -0.438497  \n",
       "$d_4^g$ -0.675699 -0.281649 -0.318451  \n",
       "$d_5^g$ -0.683091 -0.251674 -0.316581  \n",
       "$d_6^g$ -0.673960 -0.264101 -0.323560  \n",
       "$d_7^g$ -0.663604 -0.267250 -0.331115  \n",
       "$d_1^t$  0.979521  0.835961  0.850851  \n",
       "$d_2^t$  0.929204  0.493604  0.651425  \n",
       "$d_3^t$  0.825417  0.908249  0.767930  \n",
       "$d_4^t$  0.979521  0.835961  0.850851  \n",
       "$d_5^t$  0.928860  0.642672  0.696047  \n",
       "$d_6^t$  0.890899  0.949190  0.862307  \n",
       "$d_7^t$  1.000000  0.747823  0.819013  \n",
       "$d_8^t$  0.747823  1.000000  0.876434  \n",
       "$d_9^t$  0.819013  0.876434  1.000000  "
      ]
     },
     "metadata": {},
     "output_type": "display_data"
    }
   ],
   "source": [
    "from IPython.display import Markdown, display\n",
    "\n",
    "display(df_train.corr())\n",
    "display(df_validate.corr())\n",
    "\n",
    "\n"
   ]
  },
  {
   "cell_type": "code",
   "execution_count": 17,
   "metadata": {},
   "outputs": [
    {
     "data": {
      "text/plain": [
       "'train'"
      ]
     },
     "metadata": {},
     "output_type": "display_data"
    },
    {
     "data": {
      "text/html": [
       "<div>\n",
       "<style scoped>\n",
       "    .dataframe tbody tr th:only-of-type {\n",
       "        vertical-align: middle;\n",
       "    }\n",
       "\n",
       "    .dataframe tbody tr th {\n",
       "        vertical-align: top;\n",
       "    }\n",
       "\n",
       "    .dataframe thead th {\n",
       "        text-align: right;\n",
       "    }\n",
       "</style>\n",
       "<table border=\"1\" class=\"dataframe\">\n",
       "  <thead>\n",
       "    <tr style=\"text-align: right;\">\n",
       "      <th></th>\n",
       "      <th>CORR</th>\n",
       "      <th>$d_1^t$</th>\n",
       "      <th>$d_2^t$</th>\n",
       "      <th>$d_3^t$</th>\n",
       "      <th>$d_4^t$</th>\n",
       "      <th>$d_5^t$</th>\n",
       "      <th>$d_6^t$</th>\n",
       "      <th>$d_7^t$</th>\n",
       "      <th>$d_8^t$</th>\n",
       "      <th>$d_9^t$</th>\n",
       "      <th>$d_1^g$</th>\n",
       "      <th>$d_2^g$</th>\n",
       "      <th>$d_3^g$</th>\n",
       "      <th>$d_4^g$</th>\n",
       "      <th>$d_5^g$</th>\n",
       "      <th>$d_6^g$</th>\n",
       "      <th>$d_7^g$</th>\n",
       "    </tr>\n",
       "  </thead>\n",
       "  <tbody>\n",
       "    <tr>\n",
       "      <th>0</th>\n",
       "      <td>SROCC</td>\n",
       "      <td>-0.877768</td>\n",
       "      <td>-0.901944</td>\n",
       "      <td>-0.751326</td>\n",
       "      <td>-0.877768</td>\n",
       "      <td>-0.853127</td>\n",
       "      <td>-0.829216</td>\n",
