{
 "cells": [
  {
   "cell_type": "code",
   "execution_count": 1,
   "metadata": {},
   "outputs": [],
   "source": [
    "import pandas as pd\n",
    "import numpy as np\n",
    "import os\n",
    "from tqdm.notebook import tqdm\n",
    "from sklearn.model_selection import train_test_split\n",
    "from scipy.stats import pearsonr, spearmanr, kendalltau\n",
    "\n",
    "\n",
    "from sklearn.metrics import explained_variance_score, max_error, mean_absolute_error, r2_score\n",
    "from scipy.stats import pearsonr, spearmanr, kendalltau\n",
    "\n",
    "\n",
    "def PCC(predictions, targets):\n",
    "    return pearsonr(predictions, targets)[0]\n",
    "\n",
    "\n",
    "def SROCC(predictions, targets):\n",
    "    return spearmanr(predictions, targets)[0]\n",
    "\n",
    "\n",
    "def RMSE(predictions, targets):\n",
    "    return np.sqrt(((predictions - targets) ** 2).mean())"
   ]
  },
  {
   "cell_type": "code",
   "execution_count": 2,
   "metadata": {},
   "outputs": [],
   "source": [
    "PATH = \"distances/\"\n",
    "descriptors = [ name for name in os.listdir(PATH) if os.path.isdir(os.path.join(PATH, name)) ]\n",
    "DBs = ['reference_APSIPA', 'UnB']\n"
   ]
  },
  {
   "cell_type": "code",
   "execution_count": 3,
   "metadata": {},
   "outputs": [],
   "source": [
    "dfs_train = {}\n",
    "dfs_validate = {}\n",
    "for descriptor in descriptors:\n",
    "    train_db = \"{path}/{desc}/reference_APSIPA.csv\".format(path=PATH, desc=descriptor)\n",
    "    validate_db = \"{path}/{desc}/UnB.csv\".format(path=PATH, desc=descriptor)\n",
    "    dfs_train[descriptor] = pd.read_csv(train_db)\n",
    "    dfs_validate[descriptor] = pd.read_csv(validate_db)\n",
    "    "
   ]
  },
  {
   "cell_type": "code",
   "execution_count": 4,
   "metadata": {},
   "outputs": [
    {
     "data": {
      "text/plain": [
       "'LBP_2_8_riu2'"
      ]
     },
     "metadata": {},
     "output_type": "display_data"
    },
    {
     "data": {
      "text/html": [
       "<div>\n",
       "<style scoped>\n",
       "    .dataframe tbody tr th:only-of-type {\n",
       "        vertical-align: middle;\n",
       "    }\n",
       "\n",
       "    .dataframe tbody tr th {\n",
       "        vertical-align: top;\n",
       "    }\n",
       "\n",
       "    .dataframe thead th {\n",
       "        text-align: right;\n",
       "    }\n",
       "</style>\n",
       "<table border=\"1\" class=\"dataframe\">\n",
       "  <thead>\n",
       "    <tr style=\"text-align: right;\">\n",
       "      <th></th>\n",
       "      <th>SCORE</th>\n",
       "      <th>d_braycurtis</th>\n",
       "      <th>d_canberra</th>\n",
       "      <th>d_chebyshev</th>\n",
       "      <th>d_cityblock</th>\n",
       "      <th>d_cosine</th>\n",
       "      <th>d_euclidean</th>\n",
       "      <th>d_jensenshannon</th>\n",
       "      <th>d_wasserstein_distance</th>\n",
       "      <th>d_energy_distance</th>\n",
       "    </tr>\n",
       "  </thead>\n",
       "  <tbody>\n",
       "    <tr>\n",
       "      <th>SCORE</th>\n",
       "      <td>1.000000</td>\n",
       "      <td>-0.732812</td>\n",
       "      <td>-0.744490</td>\n",
       "      <td>-0.618694</td>\n",
       "      <td>-0.732812</td>\n",
       "      <td>-0.626940</td>\n",
       "      <td>-0.685414</td>\n",
       "      <td>-0.739575</td>\n",
       "      <td>-0.624104</td>\n",
       "      <td>-0.674752</td>\n",
       "    </tr>\n",
       "    <tr>\n",
       "      <th>d_braycurtis</th>\n",
       "      <td>-0.732812</td>\n",
       "      <td>1.000000</td>\n",
       "      <td>0.991956</td>\n",
       "      <td>0.921179</td>\n",
       "      <td>1.000000</td>\n",
       "      <td>0.964696</td>\n",
       "      <td>0.977607</td>\n",
       "      <td>0.997121</td>\n",
       "      <td>0.884526</td>\n",
       "      <td>0.883805</td>\n",
       "    </tr>\n",
       "    <tr>\n",
       "      <th>d_canberra</th>\n",
       "      <td>-0.744490</td>\n",
       "      <td>0.991956</td>\n",
       "      <td>1.000000</td>\n",
       "      <td>0.896061</td>\n",
       "      <td>0.991956</td>\n",
       "      <td>0.940138</td>\n",
       "      <td>0.957738</td>\n",
       "      <td>0.988770</td>\n",
       "      <td>0.882865</td>\n",
       "      <td>0.891713</td>\n",
       "    </tr>\n",
       "    <tr>\n",
       "      <th>d_chebyshev</th>\n",
       "      <td>-0.618694</td>\n",
       "      <td>0.921179</td>\n",
       "      <td>0.896061</td>\n",
       "      <td>1.000000</td>\n",
       "      <td>0.921179</td>\n",
       "      <td>0.940572</td>\n",
       "      <td>0.981287</td>\n",
       "      <td>0.929496</td>\n",
       "      <td>0.957590</td>\n",
       "      <td>0.918269</td>\n",
       "    </tr>\n",
       "    <tr>\n",
       "      <th>d_cityblock</th>\n",
       "      <td>-0.732812</td>\n",
       "      <td>1.000000</td>\n",
       "      <td>0.991956</td>\n",
       "      <td>0.921179</td>\n",
       "      <td>1.000000</td>\n",
       "      <td>0.964696</td>\n",
       "      <td>0.977607</td>\n",
       "      <td>0.997121</td>\n",
       "      <td>0.884526</td>\n",
       "      <td>0.883805</td>\n",
       "    </tr>\n",
       "    <tr>\n",
       "      <th>d_cosine</th>\n",
       "      <td>-0.626940</td>\n",
       "      <td>0.964696</td>\n",
       "      <td>0.940138</td>\n",
       "      <td>0.940572</td>\n",
       "      <td>0.964696</td>\n",
       "      <td>1.000000</td>\n",
       "      <td>0.971775</td>\n",
       "      <td>0.966953</td>\n",
       "      <td>0.874637</td>\n",
       "      <td>0.845976</td>\n",
       "    </tr>\n",
       "    <tr>\n",
       "      <th>d_euclidean</th>\n",
       "      <td>-0.685414</td>\n",
       "      <td>0.977607</td>\n",
       "      <td>0.957738</td>\n",
       "      <td>0.981287</td>\n",
       "      <td>0.977607</td>\n",
       "      <td>0.971775</td>\n",
       "      <td>1.000000</td>\n",
       "      <td>0.980764</td>\n",
       "      <td>0.937297</td>\n",
       "      <td>0.914242</td>\n",
       "    </tr>\n",
       "    <tr>\n",
       "      <th>d_jensenshannon</th>\n",
       "      <td>-0.739575</td>\n",
       "      <td>0.997121</td>\n",
       "      <td>0.988770</td>\n",
       "      <td>0.929496</td>\n",
       "      <td>0.997121</td>\n",
       "      <td>0.966953</td>\n",
       "      <td>0.980764</td>\n",
       "      <td>1.000000</td>\n",
       "      <td>0.887608</td>\n",
       "      <td>0.887533</td>\n",
       "    </tr>\n",
       "    <tr>\n",
       "      <th>d_wasserstein_distance</th>\n",
       "      <td>-0.624104</td>\n",
       "      <td>0.884526</td>\n",
       "      <td>0.882865</td>\n",
       "      <td>0.957590</td>\n",
       "      <td>0.884526</td>\n",
       "      <td>0.874637</td>\n",
       "      <td>0.937297</td>\n",
       "      <td>0.887608</td>\n",
       "      <td>1.000000</td>\n",
       "      <td>0.978998</td>\n",
       "    </tr>\n",
       "    <tr>\n",
       "      <th>d_energy_distance</th>\n",
       "      <td>-0.674752</td>\n",
       "      <td>0.883805</td>\n",
       "      <td>0.891713</td>\n",
       "      <td>0.918269</td>\n",
       "      <td>0.883805</td>\n",
       "      <td>0.845976</td>\n",
       "      <td>0.914242</td>\n",
       "      <td>0.887533</td>\n",
       "      <td>0.978998</td>\n",
       "      <td>1.000000</td>\n",
       "    </tr>\n",
       "  </tbody>\n",
       "</table>\n",
       "</div>"
      ],
      "text/plain": [
       "                           SCORE  d_braycurtis  d_canberra  d_chebyshev  \\\n",
       "SCORE                   1.000000     -0.732812   -0.744490    -0.618694   \n",
       "d_braycurtis           -0.732812      1.000000    0.991956     0.921179   \n",
       "d_canberra             -0.744490      0.991956    1.000000     0.896061   \n",
       "d_chebyshev            -0.618694      0.921179    0.896061     1.000000   \n",
       "d_cityblock            -0.732812      1.000000    0.991956     0.921179   \n",
       "d_cosine               -0.626940      0.964696    0.940138     0.940572   \n",
       "d_euclidean            -0.685414      0.977607    0.957738     0.981287   \n",
       "d_jensenshannon        -0.739575      0.997121    0.988770     0.929496   \n",
       "d_wasserstein_distance -0.624104      0.884526    0.882865     0.957590   \n",
       "d_energy_distance      -0.674752      0.883805    0.891713     0.918269   \n",
       "\n",
       "                        d_cityblock  d_cosine  d_euclidean  d_jensenshannon  \\\n",
       "SCORE                     -0.732812 -0.626940    -0.685414        -0.739575   \n",
       "d_braycurtis               1.000000  0.964696     0.977607         0.997121   \n",
       "d_canberra                 0.991956  0.940138     0.957738         0.988770   \n",
       "d_chebyshev                0.921179  0.940572     0.981287         0.929496   \n",
       "d_cityblock                1.000000  0.964696     0.977607         0.997121   \n",
       "d_cosine                   0.964696  1.000000     0.971775         0.966953   \n",
       "d_euclidean                0.977607  0.971775     1.000000         0.980764   \n",
       "d_jensenshannon            0.997121  0.966953     0.980764         1.000000   \n",
       "d_wasserstein_distance     0.884526  0.874637     0.937297         0.887608   \n",
       "d_energy_distance          0.883805  0.845976     0.914242         0.887533   \n",
       "\n",
       "                        d_wasserstein_distance  d_energy_distance  \n",
       "SCORE                                -0.624104          -0.674752  \n",
       "d_braycurtis                          0.884526           0.883805  \n",
       "d_canberra                            0.882865           0.891713  \n",
       "d_chebyshev                           0.957590           0.918269  \n",
       "d_cityblock                           0.884526           0.883805  \n",
       "d_cosine                              0.874637           0.845976  \n",
       "d_euclidean                           0.937297           0.914242  \n",
       "d_jensenshannon                       0.887608           0.887533  \n",
       "d_wasserstein_distance                1.000000           0.978998  \n",
       "d_energy_distance                     0.978998           1.000000  "
      ]
     },
     "metadata": {},
     "output_type": "display_data"
    },
    {
     "data": {
      "text/html": [
       "<div>\n",
       "<style scoped>\n",
       "    .dataframe tbody tr th:only-of-type {\n",
       "        vertical-align: middle;\n",
       "    }\n",
       "\n",
       "    .dataframe tbody tr th {\n",
       "        vertical-align: top;\n",
       "    }\n",
       "\n",
       "    .dataframe thead th {\n",
       "        text-align: right;\n",
       "    }\n",
       "</style>\n",
       "<table border=\"1\" class=\"dataframe\">\n",
       "  <thead>\n",
       "    <tr style=\"text-align: right;\">\n",
       "      <th></th>\n",
       "      <th>SCORE</th>\n",
       "      <th>d_braycurtis</th>\n",
       "      <th>d_canberra</th>\n",
       "      <th>d_chebyshev</th>\n",
       "      <th>d_cityblock</th>\n",
       "      <th>d_cosine</th>\n",
       "      <th>d_euclidean</th>\n",
       "      <th>d_jensenshannon</th>\n",
       "      <th>d_wasserstein_distance</th>\n",
       "      <th>d_energy_distance</th>\n",
       "    </tr>\n",
       "  </thead>\n",
       "  <tbody>\n",
       "    <tr>\n",
       "      <th>SCORE</th>\n",
       "      <td>1.000000</td>\n",
       "      <td>-0.498572</td>\n",
       "      <td>-0.512389</td>\n",
       "      <td>-0.445664</td>\n",
       "      <td>-0.498572</td>\n",
       "      <td>-0.413116</td>\n",
       "      <td>-0.486568</td>\n",
       "      <td>-0.520525</td>\n",
       "      <td>-0.445984</td>\n",
       "      <td>-0.475015</td>\n",
       "    </tr>\n",
       "    <tr>\n",
       "      <th>d_braycurtis</th>\n",
       "      <td>-0.498572</td>\n",
       "      <td>1.000000</td>\n",
       "      <td>0.983448</td>\n",
       "      <td>0.887866</td>\n",
       "      <td>1.000000</td>\n",
       "      <td>0.964176</td>\n",
       "      <td>0.975442</td>\n",
       "      <td>0.995680</td>\n",
       "      <td>0.865470</td>\n",
       "      <td>0.905041</td>\n",
       "    </tr>\n",
       "    <tr>\n",
       "      <th>d_canberra</th>\n",
       "      <td>-0.512389</td>\n",
       "      <td>0.983448</td>\n",
       "      <td>1.000000</td>\n",
       "      <td>0.855101</td>\n",
       "      <td>0.983448</td>\n",
       "      <td>0.929223</td>\n",
       "      <td>0.946201</td>\n",
       "      <td>0.985609</td>\n",
       "      <td>0.901314</td>\n",
       "      <td>0.930941</td>\n",
       "    </tr>\n",
       "    <tr>\n",
       "      <th>d_chebyshev</th>\n",
       "      <td>-0.445664</td>\n",
       "      <td>0.887866</td>\n",
       "      <td>0.855101</td>\n",
       "      <td>1.000000</td>\n",
       "      <td>0.887866</td>\n",
       "      <td>0.900515</td>\n",
       "      <td>0.965867</td>\n",
       "      <td>0.894844</td>\n",
       "      <td>0.883950</td>\n",
       "      <td>0.886115</td>\n",
       "    </tr>\n",
       "    <tr>\n",
       "      <th>d_cityblock</th>\n",
       "      <td>-0.498572</td>\n",
       "      <td>1.000000</td>\n",
       "      <td>0.983448</td>\n",
       "      <td>0.887866</td>\n",
       "      <td>1.000000</td>\n",
       "      <td>0.964176</td>\n",
       "      <td>0.975442</td>\n",
       "      <td>0.995680</td>\n",
       "      <td>0.865470</td>\n",
       "      <td>0.905041</td>\n",
       "    </tr>\n",
       "    <tr>\n",
       "      <th>d_cosine</th>\n",
       "      <td>-0.413116</td>\n",
       "      <td>0.964176</td>\n",
       "      <td>0.929223</td>\n",
       "      <td>0.900515</td>\n",
       "      <td>0.964176</td>\n",
       "      <td>1.000000</td>\n",
       "      <td>0.963679</td>\n",
       "      <td>0.955373</td>\n",
       "      <td>0.816834</td>\n",
       "      <td>0.839053</td>\n",
       "    </tr>\n",
       "    <tr>\n",
       "      <th>d_euclidean</th>\n",
       "      <td>-0.486568</td>\n",
       "      <td>0.975442</td>\n",
       "      <td>0.946201</td>\n",
       "      <td>0.965867</td>\n",
       "      <td>0.975442</td>\n",
       "      <td>0.963679</td>\n",
       "      <td>1.000000</td>\n",
       "      <td>0.976227</td>\n",
       "      <td>0.888153</td>\n",
       "      <td>0.915072</td>\n",
       "    </tr>\n",
       "    <tr>\n",
       "      <th>d_jensenshannon</th>\n",
       "      <td>-0.520525</td>\n",
       "      <td>0.995680</td>\n",
       "      <td>0.985609</td>\n",
       "      <td>0.894844</td>\n",
       "      <td>0.995680</td>\n",
       "      <td>0.955373</td>\n",
       "      <td>0.976227</td>\n",
       "      <td>1.000000</td>\n",
       "      <td>0.878119</td>\n",
       "      <td>0.921355</td>\n",
       "    </tr>\n",
       "    <tr>\n",
       "      <th>d_wasserstein_distance</th>\n",
       "      <td>-0.445984</td>\n",
       "      <td>0.865470</td>\n",
       "      <td>0.901314</td>\n",
       "      <td>0.883950</td>\n",
       "      <td>0.865470</td>\n",
       "      <td>0.816834</td>\n",
       "      <td>0.888153</td>\n",
       "      <td>0.878119</td>\n",
       "      <td>1.000000</td>\n",
       "      <td>0.975047</td>\n",
       "    </tr>\n",
       "    <tr>\n",
       "      <th>d_energy_distance</th>\n",
       "      <td>-0.475015</td>\n",
       "      <td>0.905041</td>\n",
       "      <td>0.930941</td>\n",
       "      <td>0.886115</td>\n",
       "      <td>0.905041</td>\n",
       "      <td>0.839053</td>\n",
       "      <td>0.915072</td>\n",
       "      <td>0.921355</td>\n",
       "      <td>0.975047</td>\n",
       "      <td>1.000000</td>\n",
       "    </tr>\n",
       "  </tbody>\n",
       "</table>\n",
       "</div>"
      ],
      "text/plain": [
       "                           SCORE  d_braycurtis  d_canberra  d_chebyshev  \\\n",
       "SCORE                   1.000000     -0.498572   -0.512389    -0.445664   \n",
       "d_braycurtis           -0.498572      1.000000    0.983448     0.887866   \n",
       "d_canberra             -0.512389      0.983448    1.000000     0.855101   \n",
       "d_chebyshev            -0.445664      0.887866    0.855101     1.000000   \n",
       "d_cityblock            -0.498572      1.000000    0.983448     0.887866   \n",
       "d_cosine               -0.413116      0.964176    0.929223     0.900515   \n",
       "d_euclidean            -0.486568      0.975442    0.946201     0.965867   \n",
       "d_jensenshannon        -0.520525      0.995680    0.985609     0.894844   \n",
       "d_wasserstein_distance -0.445984      0.865470    0.901314     0.883950   \n",
       "d_energy_distance      -0.475015      0.905041    0.930941     0.886115   \n",
       "\n",
       "                        d_cityblock  d_cosine  d_euclidean  d_jensenshannon  \\\n",
       "SCORE                     -0.498572 -0.413116    -0.486568        -0.520525   \n",
       "d_braycurtis               1.000000  0.964176     0.975442         0.995680   \n",
       "d_canberra                 0.983448  0.929223     0.946201         0.985609   \n",
       "d_chebyshev                0.887866  0.900515     0.965867         0.894844   \n",
       "d_cityblock                1.000000  0.964176     0.975442         0.995680   \n",
       "d_cosine                   0.964176  1.000000     0.963679         0.955373   \n",
       "d_euclidean                0.975442  0.963679     1.000000         0.976227   \n",
       "d_jensenshannon            0.995680  0.955373     0.976227         1.000000   \n",
       "d_wasserstein_distance     0.865470  0.816834     0.888153         0.878119   \n",
       "d_energy_distance          0.905041  0.839053     0.915072         0.921355   \n",
       "\n",
       "                        d_wasserstein_distance  d_energy_distance  \n",
       "SCORE                                -0.445984          -0.475015  \n",
       "d_braycurtis                          0.865470           0.905041  \n",
       "d_canberra                            0.901314           0.930941  \n",
       "d_chebyshev                           0.883950           0.886115  \n",
       "d_cityblock                           0.865470           0.905041  \n",
       "d_cosine                              0.816834           0.839053  \n",
       "d_euclidean                           0.888153           0.915072  \n",
       "d_jensenshannon                       0.878119           0.921355  \n",
       "d_wasserstein_distance                1.000000           0.975047  \n",
       "d_energy_distance                     0.975047           1.000000  "
      ]
     },
     "metadata": {},
     "output_type": "display_data"
    },
    {
     "data": {
      "text/markdown": [
       "---"
      ],
      "text/plain": [
       "<IPython.core.display.Markdown object>"
      ]
     },
     "metadata": {},
     "output_type": "display_data"
    },
    {
     "data": {
      "text/plain": [
       "'LBP_2_4_ri'"
      ]
     },
     "metadata": {},
     "output_type": "display_data"
    },
    {
     "data": {
      "text/html": [
       "<div>\n",
       "<style scoped>\n",
       "    .dataframe tbody tr th:only-of-type {\n",
       "        vertical-align: middle;\n",
       "    }\n",
       "\n",
       "    .dataframe tbody tr th {\n",
       "        vertical-align: top;\n",
       "    }\n",
       "\n",
       "    .dataframe thead th {\n",
       "        text-align: right;\n",
       "    }\n",
       "</style>\n",
       "<table border=\"1\" class=\"dataframe\">\n",
       "  <thead>\n",
       "    <tr style=\"text-align: right;\">\n",
       "      <th></th>\n",
       "      <th>SCORE</th>\n",
       "      <th>d_braycurtis</th>\n",
       "      <th>d_canberra</th>\n",
       "      <th>d_chebyshev</th>\n",
       "      <th>d_cityblock</th>\n",
       "      <th>d_cosine</th>\n",
       "      <th>d_euclidean</th>\n",
       "      <th>d_jensenshannon</th>\n",
       "      <th>d_wasserstein_distance</th>\n",
       "      <th>d_energy_distance</th>\n",
       "    </tr>\n",
       "  </thead>\n",
       "  <tbody>\n",
       "    <tr>\n",
       "      <th>SCORE</th>\n",
       "      <td>1.000000</td>\n",
       "      <td>-0.658245</td>\n",
       "      <td>-0.679028</td>\n",
       "      <td>-0.616433</td>\n",
       "      <td>-0.658245</td>\n",
       "      <td>-0.548055</td>\n",
       "      <td>-0.642170</td>\n",
       "      <td>-0.682428</td>\n",
       "      <td>-0.621456</td>\n",
       "      <td>-0.685031</td>\n",
       "    </tr>\n",
       "    <tr>\n",
       "      <th>d_braycurtis</th>\n",
       "      <td>-0.658245</td>\n",
       "      <td>1.000000</td>\n",
       "      <td>0.984564</td>\n",
       "      <td>0.992249</td>\n",
       "      <td>1.000000</td>\n",
       "      <td>0.965496</td>\n",
       "      <td>0.997643</td>\n",
       "      <td>0.995692</td>\n",
       "      <td>0.963057</td>\n",
       "      <td>0.953182</td>\n",
       "    </tr>\n",
       "    <tr>\n",
       "      <th>d_canberra</th>\n",
       "      <td>-0.679028</td>\n",
       "      <td>0.984564</td>\n",
       "      <td>1.000000</td>\n",
       "      <td>0.970075</td>\n",
       "      <td>0.984564</td>\n",
       "      <td>0.930568</td>\n",
       "      <td>0.976528</td>\n",
       "      <td>0.987040</td>\n",
       "      <td>0.971621</td>\n",
       "      <td>0.965518</td>\n",
       "    </tr>\n",
       "    <tr>\n",
       "      <th>d_chebyshev</th>\n",
       "      <td>-0.616433</td>\n",
       "      <td>0.992249</td>\n",
       "      <td>0.970075</td>\n",
       "      <td>1.000000</td>\n",
       "      <td>0.992249</td>\n",
       "      <td>0.971197</td>\n",
       "      <td>0.997451</td>\n",
       "      <td>0.984729</td>\n",
       "      <td>0.958912</td>\n",
       "      <td>0.936860</td>\n",
       "    </tr>\n",
       "    <tr>\n",
       "      <th>d_cityblock</th>\n",
       "      <td>-0.658245</td>\n",
       "      <td>1.000000</td>\n",
       "      <td>0.984564</td>\n",
       "      <td>0.992249</td>\n",
       "      <td>1.000000</td>\n",
       "      <td>0.965496</td>\n",
       "      <td>0.997643</td>\n",
       "      <td>0.995692</td>\n",
       "      <td>0.963057</td>\n",
       "      <td>0.953182</td>\n",
       "    </tr>\n",
       "    <tr>\n",
       "      <th>d_cosine</th>\n",
       "      <td>-0.548055</td>\n",
       "      <td>0.965496</td>\n",
       "      <td>0.930568</td>\n",
       "      <td>0.971197</td>\n",
       "      <td>0.965496</td>\n",
       "      <td>1.000000</td>\n",
       "      <td>0.970880</td>\n",
       "      <td>0.955685</td>\n",
       "      <td>0.900206</td>\n",
       "      <td>0.866592</td>\n",
       "    </tr>\n",
       "    <tr>\n",
       "      <th>d_euclidean</th>\n",
       "      <td>-0.642170</td>\n",
       "      <td>0.997643</td>\n",
       "      <td>0.976528</td>\n",
       "      <td>0.997451</td>\n",
       "      <td>0.997643</td>\n",
       "      <td>0.970880</td>\n",
       "      <td>1.000000</td>\n",
       "      <td>0.992701</td>\n",
       "      <td>0.957668</td>\n",
       "      <td>0.942512</td>\n",
       "    </tr>\n",
       "    <tr>\n",
       "      <th>d_jensenshannon</th>\n",
       "      <td>-0.682428</td>\n",
       "      <td>0.995692</td>\n",
       "      <td>0.987040</td>\n",
       "      <td>0.984729</td>\n",
       "      <td>0.995692</td>\n",
       "      <td>0.955685</td>\n",
       "      <td>0.992701</td>\n",
       "      <td>1.000000</td>\n",
       "      <td>0.955440</td>\n",
       "      <td>0.954057</td>\n",
       "    </tr>\n",
       "    <tr>\n",
       "      <th>d_wasserstein_distance</th>\n",
       "      <td>-0.621456</td>\n",
       "      <td>0.963057</td>\n",
       "      <td>0.971621</td>\n",
       "      <td>0.958912</td>\n",
       "      <td>0.963057</td>\n",
       "      <td>0.900206</td>\n",
       "      <td>0.957668</td>\n",
       "      <td>0.955440</td>\n",
       "      <td>1.000000</td>\n",
       "      <td>0.985223</td>\n",
       "    </tr>\n",
       "    <tr>\n",
       "      <th>d_energy_distance</th>\n",
       "      <td>-0.685031</td>\n",
       "      <td>0.953182</td>\n",
       "      <td>0.965518</td>\n",
       "      <td>0.936860</td>\n",
       "      <td>0.953182</td>\n",
       "      <td>0.866592</td>\n",
       "      <td>0.942512</td>\n",
       "      <td>0.954057</td>\n",
       "      <td>0.985223</td>\n",
       "      <td>1.000000</td>\n",
       "    </tr>\n",
       "  </tbody>\n",
       "</table>\n",
       "</div>"
      ],
      "text/plain": [
       "                           SCORE  d_braycurtis  d_canberra  d_chebyshev  \\\n",
       "SCORE                   1.000000     -0.658245   -0.679028    -0.616433   \n",
       "d_braycurtis           -0.658245      1.000000    0.984564     0.992249   \n",
       "d_canberra             -0.679028      0.984564    1.000000     0.970075   \n",
       "d_chebyshev            -0.616433      0.992249    0.970075     1.000000   \n",
       "d_cityblock            -0.658245      1.000000    0.984564     0.992249   \n",
       "d_cosine               -0.548055      0.965496    0.930568     0.971197   \n",
       "d_euclidean            -0.642170      0.997643    0.976528     0.997451   \n",
       "d_jensenshannon        -0.682428      0.995692    0.987040     0.984729   \n",
       "d_wasserstein_distance -0.621456      0.963057    0.971621     0.958912   \n",
       "d_energy_distance      -0.685031      0.953182    0.965518     0.936860   \n",
       "\n",
       "                        d_cityblock  d_cosine  d_euclidean  d_jensenshannon  \\\n",
       "SCORE                     -0.658245 -0.548055    -0.642170        -0.682428   \n",
       "d_braycurtis               1.000000  0.965496     0.997643         0.995692   \n",
       "d_canberra                 0.984564  0.930568     0.976528         0.987040   \n",
       "d_chebyshev                0.992249  0.971197     0.997451         0.984729   \n",
       "d_cityblock                1.000000  0.965496     0.997643         0.995692   \n",
       "d_cosine                   0.965496  1.000000     0.970880         0.955685   \n",
       "d_euclidean                0.997643  0.970880     1.000000         0.992701   \n",
       "d_jensenshannon            0.995692  0.955685     0.992701         1.000000   \n",
       "d_wasserstein_distance     0.963057  0.900206     0.957668         0.955440   \n",
       "d_energy_distance          0.953182  0.866592     0.942512         0.954057   \n",
       "\n",
       "                        d_wasserstein_distance  d_energy_distance  \n",
       "SCORE                                -0.621456          -0.685031  \n",
       "d_braycurtis                          0.963057           0.953182  \n",
       "d_canberra                            0.971621           0.965518  \n",
       "d_chebyshev                           0.958912           0.936860  \n",
       "d_cityblock                           0.963057           0.953182  \n",
       "d_cosine                              0.900206           0.866592  \n",
       "d_euclidean                           0.957668           0.942512  \n",
       "d_jensenshannon                       0.955440           0.954057  \n",
       "d_wasserstein_distance                1.000000           0.985223  \n",
       "d_energy_distance                     0.985223           1.000000  "
      ]
     },
     "metadata": {},
     "output_type": "display_data"
    },
    {
     "data": {
      "text/html": [
       "<div>\n",
       "<style scoped>\n",
       "    .dataframe tbody tr th:only-of-type {\n",
       "        vertical-align: middle;\n",
       "    }\n",
       "\n",
       "    .dataframe tbody tr th {\n",
       "        vertical-align: top;\n",
       "    }\n",
       "\n",
       "    .dataframe thead th {\n",
       "        text-align: right;\n",
       "    }\n",
       "</style>\n",
       "<table border=\"1\" class=\"dataframe\">\n",
       "  <thead>\n",
       "    <tr style=\"text-align: right;\">\n",
       "      <th></th>\n",
       "      <th>SCORE</th>\n",
       "      <th>d_braycurtis</th>\n",
       "      <th>d_canberra</th>\n",
       "      <th>d_chebyshev</th>\n",
       "      <th>d_cityblock</th>\n",
       "      <th>d_cosine</th>\n",
       "      <th>d_euclidean</th>\n",
       "      <th>d_jensenshannon</th>\n",
       "      <th>d_wasserstein_distance</th>\n",
       "      <th>d_energy_distance</th>\n",
       "    </tr>\n",
       "  </thead>\n",
       "  <tbody>\n",
       "    <tr>\n",
       "      <th>SCORE</th>\n",
       "      <td>1.000000</td>\n",
       "      <td>-0.526716</td>\n",
       "      <td>-0.566638</td>\n",
       "      <td>-0.460785</td>\n",
       "      <td>-0.526716</td>\n",
       "      <td>-0.424797</td>\n",
       "      <td>-0.495875</td>\n",
       "      <td>-0.552562</td>\n",
       "      <td>-0.507190</td>\n",
       "      <td>-0.568004</td>\n",
       "    </tr>\n",
       "    <tr>\n",
       "      <th>d_braycurtis</th>\n",
       "      <td>-0.526716</td>\n",
       "      <td>1.000000</td>\n",
       "      <td>0.962762</td>\n",
       "      <td>0.974725</td>\n",
       "      <td>1.000000</td>\n",
       "      <td>0.956189</td>\n",
       "      <td>0.992960</td>\n",
       "      <td>0.992843</td>\n",
       "      <td>0.958958</td>\n",
       "      <td>0.932606</td>\n",
       "    </tr>\n",
       "    <tr>\n",
       "      <th>d_canberra</th>\n",
       "      <td>-0.566638</td>\n",
       "      <td>0.962762</td>\n",
       "      <td>1.000000</td>\n",
       "      <td>0.897556</td>\n",
       "      <td>0.962762</td>\n",
       "      <td>0.874527</td>\n",
       "      <td>0.929571</td>\n",
       "      <td>0.970280</td>\n",
       "      <td>0.929475</td>\n",
       "      <td>0.931131</td>\n",
       "    </tr>\n",
       "    <tr>\n",
       "      <th>d_chebyshev</th>\n",
       "      <td>-0.460785</td>\n",
       "      <td>0.974725</td>\n",
       "      <td>0.897556</td>\n",
       "      <td>1.000000</td>\n",
       "      <td>0.974725</td>\n",
       "      <td>0.974158</td>\n",
       "      <td>0.991381</td>\n",
       "      <td>0.960716</td>\n",
       "      <td>0.948140</td>\n",
       "      <td>0.893363</td>\n",
       "    </tr>\n",
       "    <tr>\n",
       "      <th>d_cityblock</th>\n",
       "      <td>-0.526716</td>\n",
       "      <td>1.000000</td>\n",
       "      <td>0.962762</td>\n",
       "      <td>0.974725</td>\n",
       "      <td>1.000000</td>\n",
       "      <td>0.956189</td>\n",
       "      <td>0.992960</td>\n",
       "      <td>0.992843</td>\n",
       "      <td>0.958958</td>\n",
       "      <td>0.932606</td>\n",
       "    </tr>\n",
       "    <tr>\n",
       "      <th>d_cosine</th>\n",
       "      <td>-0.424797</td>\n",
       "      <td>0.956189</td>\n",
       "      <td>0.874527</td>\n",
       "      <td>0.974158</td>\n",
       "      <td>0.956189</td>\n",
       "      <td>1.000000</td>\n",
       "      <td>0.972468</td>\n",
       "      <td>0.938902</td>\n",
       "      <td>0.908574</td>\n",
       "      <td>0.830252</td>\n",
       "    </tr>\n",
       "    <tr>\n",
       "      <th>d_euclidean</th>\n",
       "      <td>-0.495875</td>\n",
       "      <td>0.992960</td>\n",
       "      <td>0.929571</td>\n",
       "      <td>0.991381</td>\n",
       "      <td>0.992960</td>\n",
       "      <td>0.972468</td>\n",
       "      <td>1.000000</td>\n",
       "      <td>0.983686</td>\n",
       "      <td>0.948032</td>\n",
       "      <td>0.908556</td>\n",
       "    </tr>\n",
       "    <tr>\n",
       "      <th>d_jensenshannon</th>\n",
       "      <td>-0.552562</td>\n",
       "      <td>0.992843</td>\n",
       "      <td>0.970280</td>\n",
       "      <td>0.960716</td>\n",
       "      <td>0.992843</td>\n",
       "      <td>0.938902</td>\n",
       "      <td>0.983686</td>\n",
       "      <td>1.000000</td>\n",
       "      <td>0.941967</td>\n",
       "      <td>0.934069</td>\n",
       "    </tr>\n",
       "    <tr>\n",
       "      <th>d_wasserstein_distance</th>\n",
       "      <td>-0.507190</td>\n",
       "      <td>0.958958</td>\n",
       "      <td>0.929475</td>\n",
       "      <td>0.948140</td>\n",
       "      <td>0.958958</td>\n",
       "      <td>0.908574</td>\n",
       "      <td>0.948032</td>\n",
       "      <td>0.941967</td>\n",
       "      <td>1.000000</td>\n",
       "      <td>0.966473</td>\n",
       "    </tr>\n",
       "    <tr>\n",
       "      <th>d_energy_distance</th>\n",
       "      <td>-0.568004</td>\n",
       "      <td>0.932606</td>\n",
       "      <td>0.931131</td>\n",
       "      <td>0.893363</td>\n",
       "      <td>0.932606</td>\n",
       "      <td>0.830252</td>\n",
       "      <td>0.908556</td>\n",
       "      <td>0.934069</td>\n",
       "      <td>0.966473</td>\n",
       "      <td>1.000000</td>\n",
       "    </tr>\n",
       "  </tbody>\n",
       "</table>\n",
       "</div>"
      ],
      "text/plain": [
       "                           SCORE  d_braycurtis  d_canberra  d_chebyshev  \\\n",
       "SCORE                   1.000000     -0.526716   -0.566638    -0.460785   \n",
       "d_braycurtis           -0.526716      1.000000    0.962762     0.974725   \n",
       "d_canberra             -0.566638      0.962762    1.000000     0.897556   \n",
       "d_chebyshev            -0.460785      0.974725    0.897556     1.000000   \n",
       "d_cityblock            -0.526716      1.000000    0.962762     0.974725   \n",
       "d_cosine               -0.424797      0.956189    0.874527     0.974158   \n",
       "d_euclidean            -0.495875      0.992960    0.929571     0.991381   \n",
       "d_jensenshannon        -0.552562      0.992843    0.970280     0.960716   \n",
       "d_wasserstein_distance -0.507190      0.958958    0.929475     0.948140   \n",
       "d_energy_distance      -0.568004      0.932606    0.931131     0.893363   \n",
       "\n",
       "                        d_cityblock  d_cosine  d_euclidean  d_jensenshannon  \\\n",
       "SCORE                     -0.526716 -0.424797    -0.495875        -0.552562   \n",
       "d_braycurtis               1.000000  0.956189     0.992960         0.992843   \n",
       "d_canberra                 0.962762  0.874527     0.929571         0.970280   \n",
       "d_chebyshev                0.974725  0.974158     0.991381         0.960716   \n",
       "d_cityblock                1.000000  0.956189     0.992960         0.992843   \n",
       "d_cosine                   0.956189  1.000000     0.972468         0.938902   \n",
       "d_euclidean                0.992960  0.972468     1.000000         0.983686   \n",
       "d_jensenshannon            0.992843  0.938902     0.983686         1.000000   \n",
       "d_wasserstein_distance     0.958958  0.908574     0.948032         0.941967   \n",
       "d_energy_distance          0.932606  0.830252     0.908556         0.934069   \n",
       "\n",
       "                        d_wasserstein_distance  d_energy_distance  \n",
       "SCORE                                -0.507190          -0.568004  \n",
       "d_braycurtis                          0.958958           0.932606  \n",
       "d_canberra                            0.929475           0.931131  \n",
       "d_chebyshev                           0.948140           0.893363  \n",
       "d_cityblock                           0.958958           0.932606  \n",
       "d_cosine                              0.908574           0.830252  \n",
       "d_euclidean                           0.948032           0.908556  \n",
       "d_jensenshannon                       0.941967           0.934069  \n",
       "d_wasserstein_distance                1.000000           0.966473  \n",
       "d_energy_distance                     0.966473           1.000000  "
      ]
     },
     "metadata": {},
     "output_type": "display_data"
    },
    {
     "data": {
      "text/markdown": [
       "---"
      ],
      "text/plain": [
       "<IPython.core.display.Markdown object>"
      ]
     },
     "metadata": {},
     "output_type": "display_data"
    },
    {
     "data": {
      "text/plain": [
       "'MRLBP_riu2'"
      ]
     },
     "metadata": {},
     "output_type": "display_data"
    },
    {
     "data": {
      "text/html": [
       "<div>\n",
       "<style scoped>\n",
       "    .dataframe tbody tr th:only-of-type {\n",
       "        vertical-align: middle;\n",
       "    }\n",
       "\n",
       "    .dataframe tbody tr th {\n",
       "        vertical-align: top;\n",
       "    }\n",
       "\n",
       "    .dataframe thead th {\n",
       "        text-align: right;\n",
       "    }\n",
       "</style>\n",
       "<table border=\"1\" class=\"dataframe\">\n",
       "  <thead>\n",
       "    <tr style=\"text-align: right;\">\n",
       "      <th></th>\n",
       "      <th>SCORE</th>\n",
       "      <th>d_braycurtis</th>\n",
       "      <th>d_canberra</th>\n",
       "      <th>d_chebyshev</th>\n",
       "      <th>d_cityblock</th>\n",
       "      <th>d_cosine</th>\n",
       "      <th>d_euclidean</th>\n",
       "      <th>d_jensenshannon</th>\n",
       "      <th>d_wasserstein_distance</th>\n",
       "      <th>d_energy_distance</th>\n",
       "    </tr>\n",
       "  </thead>\n",
       "  <tbody>\n",
       "    <tr>\n",
       "      <th>SCORE</th>\n",
       "      <td>1.000000</td>\n",
       "      <td>-0.731194</td>\n",
       "      <td>-0.736669</td>\n",
       "      <td>-0.685963</td>\n",
       "      <td>-0.731194</td>\n",
       "      <td>-0.610486</td>\n",
       "      <td>-0.724649</td>\n",
       "      <td>-0.748952</td>\n",
       "      <td>-0.702598</td>\n",
       "      <td>-0.717533</td>\n",
       "    </tr>\n",
       "    <tr>\n",
       "      <th>d_braycurtis</th>\n",
       "      <td>-0.731194</td>\n",
       "      <td>1.000000</td>\n",
       "      <td>0.982014</td>\n",
       "      <td>0.944284</td>\n",
       "      <td>1.000000</td>\n",
       "      <td>0.956778</td>\n",
       "      <td>0.994535</td>\n",
       "      <td>0.989660</td>\n",
       "      <td>0.993689</td>\n",
       "      <td>0.988975</td>\n",
       "    </tr>\n",
       "    <tr>\n",
       "      <th>d_canberra</th>\n",
       "      <td>-0.736669</td>\n",
       "      <td>0.982014</td>\n",
       "      <td>1.000000</td>\n",
       "      <td>0.918461</td>\n",
       "      <td>0.982014</td>\n",
       "      <td>0.936170</td>\n",
       "      <td>0.974602</td>\n",
       "      <td>0.989651</td>\n",
       "      <td>0.967769</td>\n",
       "      <td>0.968273</td>\n",
       "    </tr>\n",
       "    <tr>\n",
       "      <th>d_chebyshev</th>\n",
       "      <td>-0.685963</td>\n",
       "      <td>0.944284</td>\n",
       "      <td>0.918461</td>\n",
       "      <td>1.000000</td>\n",
       "      <td>0.944284</td>\n",
       "      <td>0.938782</td>\n",
       "      <td>0.970006</td>\n",
       "      <td>0.943501</td>\n",
       "      <td>0.939428</td>\n",
       "      <td>0.907776</td>\n",
       "    </tr>\n",
       "    <tr>\n",
       "      <th>d_cityblock</th>\n",
       "      <td>-0.731194</td>\n",
       "      <td>1.000000</td>\n",
       "      <td>0.982014</td>\n",
       "      <td>0.944284</td>\n",
       "      <td>1.000000</td>\n",
